y <- c(1:5)
